%
% This program is free software: you can redistribute it and/or modify
% it under the terms of the GNU General Public License as published by
% the Free Software Foundation, either version 3 of the License, or
% (at your option) any later version.
% 
% This program is distributed in the hope that it will be useful,
% but WITHOUT ANY WARRANTY; without even the implied warranty of
% MERCHANTABILITY or FITNESS FOR A PARTICULAR PURPOSE.  See the
% GNU General Public License for more details.
% 
% You should have received a copy of the GNU General Public License
% along with this program.  If not, see <http://www.gnu.org/licenses/>.
%

function [amble_real_vec] = amble_load(obj)

    % standart preamble vector
    % optimized for a constant envelope with phydyas filter
    amble_std =[ 1.4142, 0,-1.4142, 0,-1.4142, 0,-1.4142, 0,-1.4142, 0, 1.4142, 0,-1.4142, 0, 1.4142, 0, ...
                -1.4142, 0,-1.4142, 0,-1.4142, 0,-1.4142, 0, 1.4142, 0, 1.4142, 0, 1.4142, 0, 1.4142, 0, ...
                -1.4142, 0,-1.4142, 0, 1.4142, 0, 1.4142, 0,-1.4142, 0,-1.4142, 0,-1.4142, 0, 1.4142, 0, ...
                 1.4142, 0,-1.4142, 0,-1.4142, 0, 1.4142, 0,-1.4142, 0,-1.4142, 0,-1.4142, 0,-1.4142, 0, ...
                 1.4142, 0,-1.4142, 0,-1.4142, 0, 1.4142, 0,-1.4142, 0, 1.4142, 0,-1.4142, 0, 1.4142, 0, ...
                -1.4142, 0, 1.4142, 0, 1.4142, 0,-1.4142, 0,-1.4142, 0, 1.4142, 0, 1.4142, 0, 1.4142, 0, ...
                 1.4142, 0,-1.4142, 0, 1.4142, 0,-1.4142, 0,-1.4142, 0, 1.4142, 0, 1.4142, 0, 1.4142, 0, ...
                -1.4142, 0, 1.4142, 0,-1.4142, 0, 1.4142, 0,-1.4142, 0, 1.4142, 0,-1.4142, 0, 1.4142, 0, ...
                 1.4142, 0, 1.4142, 0,-1.4142, 0,-1.4142, 0,-1.4142, 0,-1.4142, 0,-1.4142, 0,-1.4142, 0, ...
                -1.4142, 0, 1.4142, 0,-1.4142, 0,-1.4142, 0, 1.4142, 0,-1.4142, 0, 1.4142, 0,-1.4142, 0, ...
                -1.4142, 0,-1.4142, 0, 1.4142, 0, 1.4142, 0,-1.4142, 0, 1.4142, 0,-1.4142, 0, 1.4142, 0, ...
                 1.4142, 0, 1.4142, 0, 1.4142, 0,-1.4142, 0, 1.4142, 0,-1.4142, 0,-1.4142, 0, 1.4142, 0, ...
                 1.4142, 0,-1.4142, 0,-1.4142, 0,-1.4142, 0, 1.4142, 0, 1.4142, 0,-1.4142, 0, 1.4142, 0, ...
                 1.4142, 0, 1.4142, 0, 1.4142, 0,-1.4142, 0,-1.4142, 0, 1.4142, 0, 1.4142, 0, 1.4142, 0, ...
                 1.4142, 0, 1.4142, 0, 1.4142, 0,-1.4142, 0, 1.4142, 0, 1.4142, 0,-1.4142, 0,-1.4142, 0, ...
                 1.4142, 0,-1.4142, 0, 1.4142, 0, 1.4142, 0, 1.4142, 0, 1.4142, 0,-1.4142, 0, 1.4142, 0, ...
                 1.4142, 0,-1.4142, 0,-1.4142, 0,-1.4142, 0,-1.4142, 0, 1.4142, 0,-1.4142, 0, 1.4142, 0, ...
                -1.4142, 0,-1.4142, 0,-1.4142, 0,-1.4142, 0, 1.4142, 0, 1.4142, 0, 1.4142, 0, 1.4142, 0, ...
                -1.4142, 0,-1.4142, 0, 1.4142, 0, 1.4142, 0,-1.4142, 0,-1.4142, 0,-1.4142, 0, 1.4142, 0, ...
                 1.4142, 0,-1.4142, 0,-1.4142, 0, 1.4142, 0,-1.4142, 0,-1.4142, 0,-1.4142, 0,-1.4142, 0, ...
                 1.4142, 0,-1.4142, 0,-1.4142, 0, 1.4142, 0,-1.4142, 0, 1.4142, 0,-1.4142, 0, 1.4142, 0, ...
                -1.4142, 0, 1.4142, 0, 1.4142, 0,-1.4142, 0,-1.4142, 0, 1.4142, 0, 1.4142, 0, 1.4142, 0, ...
                 1.4142, 0,-1.4142, 0, 1.4142, 0,-1.4142, 0,-1.4142, 0, 1.4142, 0, 1.4142, 0, 1.4142, 0, ...
                -1.4142, 0, 1.4142, 0,-1.4142, 0, 1.4142, 0,-1.4142, 0, 1.4142, 0,-1.4142, 0, 1.4142, 0, ...
                 1.4142, 0, 1.4142, 0,-1.4142, 0,-1.4142, 0,-1.4142, 0,-1.4142, 0,-1.4142, 0,-1.4142, 0, ...
                -1.4142, 0, 1.4142, 0,-1.4142, 0,-1.4142, 0, 1.4142, 0,-1.4142, 0, 1.4142, 0,-1.4142, 0, ...
                -1.4142, 0,-1.4142, 0, 1.4142, 0, 1.4142, 0,-1.4142, 0, 1.4142, 0,-1.4142, 0, 1.4142, 0, ...
                 1.4142, 0, 1.4142, 0, 1.4142, 0,-1.4142, 0, 1.4142, 0,-1.4142, 0,-1.4142, 0, 1.4142, 0, ...
                 1.4142, 0,-1.4142, 0,-1.4142, 0,-1.4142, 0, 1.4142, 0, 1.4142, 0,-1.4142, 0, 1.4142, 0, ...
                 1.4142, 0, 1.4142, 0, 1.4142, 0,-1.4142, 0,-1.4142, 0, 1.4142, 0, 1.4142, 0, 1.4142, 0, ...
                 1.4142, 0, 1.4142, 0, 1.4142, 0,-1.4142, 0, 1.4142, 0, 1.4142, 0,-1.4142, 0,-1.4142, 0, ...
                 1.4142, 0,-1.4142, 0, 1.4142, 0, 1.4142, 0, 1.4142, 0, 1.4142, 0,-1.4142, 0, 1.4142, 0, ...
                 1.4142, 0,-1.4142, 0,-1.4142, 0,-1.4142, 0,-1.4142, 0, 1.4142, 0,-1.4142, 0, 1.4142, 0, ...
                -1.4142, 0,-1.4142, 0,-1.4142, 0,-1.4142, 0, 1.4142, 0, 1.4142, 0, 1.4142, 0, 1.4142, 0, ...
                -1.4142, 0,-1.4142, 0, 1.4142, 0, 1.4142, 0,-1.4142, 0,-1.4142, 0,-1.4142, 0, 1.4142, 0, ...
                 1.4142, 0,-1.4142, 0,-1.4142, 0, 1.4142, 0,-1.4142, 0,-1.4142, 0,-1.4142, 0,-1.4142, 0, ...
                 1.4142, 0,-1.4142, 0,-1.4142, 0, 1.4142, 0,-1.4142, 0, 1.4142, 0,-1.4142, 0, 1.4142, 0, ...
                -1.4142, 0, 1.4142, 0, 1.4142, 0,-1.4142, 0,-1.4142, 0, 1.4142, 0, 1.4142, 0, 1.4142, 0, ...
                 1.4142, 0,-1.4142, 0, 1.4142, 0,-1.4142, 0,-1.4142, 0, 1.4142, 0, 1.4142, 0, 1.4142, 0, ...
                -1.4142, 0, 1.4142, 0,-1.4142, 0, 1.4142, 0,-1.4142, 0, 1.4142, 0,-1.4142, 0, 1.4142, 0, ...
                 1.4142, 0, 1.4142, 0,-1.4142, 0,-1.4142, 0,-1.4142, 0,-1.4142, 0,-1.4142, 0,-1.4142, 0, ...
                -1.4142, 0, 1.4142, 0,-1.4142, 0,-1.4142, 0, 1.4142, 0,-1.4142, 0, 1.4142, 0,-1.4142, 0, ...
                -1.4142, 0,-1.4142, 0, 1.4142, 0, 1.4142, 0,-1.4142, 0, 1.4142, 0,-1.4142, 0, 1.4142, 0, ...
                 1.4142, 0, 1.4142, 0, 1.4142, 0,-1.4142, 0, 1.4142, 0,-1.4142, 0,-1.4142, 0, 1.4142, 0, ...
                 1.4142, 0,-1.4142, 0,-1.4142, 0,-1.4142, 0, 1.4142, 0, 1.4142, 0,-1.4142, 0, 1.4142, 0, ...
                 1.4142, 0, 1.4142, 0, 1.4142, 0,-1.4142, 0,-1.4142, 0, 1.4142, 0, 1.4142, 0, 1.4142, 0, ...
                 1.4142, 0, 1.4142, 0, 1.4142, 0,-1.4142, 0, 1.4142, 0, 1.4142, 0,-1.4142, 0,-1.4142, 0, ...
                 1.4142, 0,-1.4142, 0, 1.4142, 0, 1.4142, 0, 1.4142, 0, 1.4142, 0,-1.4142, 0, 1.4142, 0, ...
                 1.4142, 0,-1.4142, 0,-1.4142, 0,-1.4142, 0,-1.4142, 0, 1.4142, 0,-1.4142, 0, 1.4142, 0, ...
                -1.4142, 0,-1.4142, 0,-1.4142, 0,-1.4142, 0, 1.4142, 0, 1.4142, 0, 1.4142, 0, 1.4142, 0, ...
                -1.4142, 0,-1.4142, 0, 1.4142, 0, 1.4142, 0,-1.4142, 0,-1.4142, 0,-1.4142, 0, 1.4142, 0, ...
                 1.4142, 0,-1.4142, 0,-1.4142, 0, 1.4142, 0,-1.4142, 0,-1.4142, 0,-1.4142, 0,-1.4142, 0, ...
                 1.4142, 0,-1.4142, 0,-1.4142, 0, 1.4142, 0,-1.4142, 0, 1.4142, 0,-1.4142, 0, 1.4142, 0, ...
                -1.4142, 0, 1.4142, 0, 1.4142, 0,-1.4142, 0,-1.4142, 0, 1.4142, 0, 1.4142, 0, 1.4142, 0, ...
                 1.4142, 0,-1.4142, 0, 1.4142, 0,-1.4142, 0,-1.4142, 0, 1.4142, 0, 1.4142, 0, 1.4142, 0, ...
                -1.4142, 0, 1.4142, 0,-1.4142, 0, 1.4142, 0,-1.4142, 0, 1.4142, 0,-1.4142, 0, 1.4142, 0, ...
                 1.4142, 0, 1.4142, 0,-1.4142, 0,-1.4142, 0,-1.4142, 0,-1.4142, 0,-1.4142, 0,-1.4142, 0, ...
                -1.4142, 0, 1.4142, 0,-1.4142, 0,-1.4142, 0, 1.4142, 0,-1.4142, 0, 1.4142, 0,-1.4142, 0, ...
                -1.4142, 0,-1.4142, 0, 1.4142, 0, 1.4142, 0,-1.4142, 0, 1.4142, 0,-1.4142, 0, 1.4142, 0, ...
                 1.4142, 0, 1.4142, 0, 1.4142, 0,-1.4142, 0, 1.4142, 0,-1.4142, 0,-1.4142, 0, 1.4142, 0, ...
                 1.4142, 0,-1.4142, 0,-1.4142, 0,-1.4142, 0, 1.4142, 0, 1.4142, 0,-1.4142, 0, 1.4142, 0, ...
                 1.4142, 0, 1.4142, 0, 1.4142, 0,-1.4142, 0,-1.4142, 0, 1.4142, 0, 1.4142, 0, 1.4142, 0, ...
                 1.4142, 0, 1.4142, 0, 1.4142, 0,-1.4142, 0, 1.4142, 0, 1.4142, 0,-1.4142, 0,-1.4142, 0, ...
                 1.4142, 0,-1.4142, 0, 1.4142, 0, 1.4142, 0, 1.4142, 0, 1.4142, 0,-1.4142, 0, 1.4142, 0, ...
                 1.4142, 0,-1.4142, 0,-1.4142, 0,-1.4142, 0,-1.4142, 0, 1.4142, 0,-1.4142, 0, 1.4142, 0, ...
